[gd_scene load_steps=7 format=2]

[ext_resource path="res://Player/Player.tscn" type="PackedScene" id=1]

[sub_resource type="SpatialMaterial" id=1]
params_diffuse_mode = 1
albedo_color = Color( 0.458824, 0, 0, 1 )

[sub_resource type="SpatialMaterial" id=2]
params_diffuse_mode = 1
albedo_color = Color( 0, 0.00392157, 0.298039, 1 )

[sub_resource type="QuadMesh" id=3]
size = Vector2( 5, 5 )

[sub_resource type="ViewportTexture" id=5]
viewport_path = NodePath("CSGMesh/Viewport")

[sub_resource type="SpatialMaterial" id=4]
resource_local_to_scene = true
flags_transparent = true
albedo_color = Color( 0, 1, 0.321569, 1 )
albedo_texture = SubResource( 5 )

[node name="Spatial" type="Spatial"]

[node name="CSGBox" type="CSGBox" parent="."]
transform = Transform( 1, 0, 0, 0, 1, 0, 0, 0, 1, 0, -12, 0 )
use_collision = true
width = 34.0
height = 0.002
depth = 132.0
material = SubResource( 1 )

[node name="CSGBox2" type="CSGBox" parent="."]
transform = Transform( 1, 0, 0, 0, 0.965926, -0.258819, 0, 0.258819, 0.965926, 0, 3.9, -29.5 )
use_collision = true
width = 8.0
height = 0.002
depth = 30.0
material = SubResource( 2 )

[node name="CSGBox3" type="CSGBox" parent="."]
transform = Transform( 1, 0, 0, 0, 0.965926, 0.258819, 0, -0.258819, 0.965926, 0, -8, 0 )
use_collision = true
width = 8.0
height = 0.002
depth = 30.0
material = SubResource( 2 )

[node name="CSGBox4" type="CSGBox" parent="."]
transform = Transform( 0.642788, -0.383022, 0.663414, 0, 0.866025, 0.5, -0.766044, -0.321394, 0.55667, 0, -5, 30 )
use_collision = true
width = 8.0
height = 0.002
depth = 30.0
material = SubResource( 2 )

[node name="CSGBox5" type="CSGBox" parent="."]
transform = Transform( 1, 0, 0, 0, 0.996924, 0.0783721, 0, -0.0783721, 0.996924, 0, 1, 19 )
use_collision = true
width = 8.0
height = 0.002
depth = 30.0
material = SubResource( 2 )

[node name="CSGBox6" type="CSGBox" parent="."]
transform = Transform( 1, 0, 0, 0, 0.965926, -0.258819, 0, 0.258819, 0.965926, 0, 0.9, -8.5 )
use_collision = true
width = 8.0
height = 0.002
depth = 30.0
material = SubResource( 2 )

[node name="CSGBox7" type="CSGBox" parent="."]
transform = Transform( 0.642787, -0.578141, 0.50257, 0, 0.656059, 0.754709, -0.766044, -0.485118, 0.421706, 7, -5, 30 )
use_collision = true
width = 44.1318
height = 0.002
depth = 70.1546
material = SubResource( 1 )

[node name="CSGBox8" type="CSGBox" parent="."]
transform = Transform( 1, 0, 0, 0, 1, 0, 0, 0, 1, 21, 4, 19 )
use_collision = true
width = 8.0
height = 0.002
depth = 30.0
material = SubResource( 2 )

[node name="Player" parent="." instance=ExtResource( 1 )]

[node name="OmniLight" type="OmniLight" parent="."]
transform = Transform( 1, 0, 0, 0, 1, 0, 0, 0, 1, 0, 6.92867, -2.02791 )
omni_range = 23.71

[node name="OmniLight2" type="OmniLight" parent="."]
transform = Transform( 1, 0, 0, 0, 1, 0, 0, 0, 1, 0, 6.92867, 24.9721 )
omni_range = 23.71

[node name="CSGMesh" type="CSGMesh" parent="."]
transform = Transform( 1, 0, 0, 0, 1, 2.38419e-07, 0, -2.38419e-07, 1, 0, 3, -7 )
mesh = SubResource( 3 )
material = SubResource( 4 )

[node name="Viewport" type="Viewport" parent="CSGMesh"]
size = Vector2( 250, 250 )
transparent_bg = true
disable_3d = true
keep_3d_linear = true
usage = 1
render_target_v_flip = true
render_target_update_mode = 1

[node name="Label" type="Label" parent="CSGMesh/Viewport"]
anchor_right = 1.0
anchor_bottom = 1.0
text = "WASD to move.
Mouse to look around (sensibility trough script).
Space to jump (and ceiling cling)."
align = 1
valign = 1
autowrap = true
